header: 
  seq: 1583
  stamp: 
    secs: 1580217293
    nsecs: 272407736
  frame_id: "base_scan"
angle_min: 0.0
angle_max: 6.26573181152
angle_increment: 0.0174532923847
time_increment: 2.99000002997e-05
scan_time: 0.0
range_min: 0.119999997318
range_max: 3.5
ranges: [0.5299999713897705, 0.5350000262260437, 0.5389999747276306, 0.5440000295639038, 0.5490000247955322, 0.5559999942779541, 0.5630000233650208, 0.574999988079071, 0.5870000123977661, 0.5590000152587891, 0.5529999732971191, 0.5490000247955322, 0.5460000038146973, 0.5429999828338623, 0.5400000214576721, 0.5370000004768372, 0.5339999794960022, 0.5320000052452087, 0.5299999713897705, 0.5289999842643738, 0.5270000100135803, 0.5249999761581421, 0.5239999890327454, 0.5230000019073486, 0.5220000147819519, 0.5210000276565552, 0.5210000276565552, 0.5189999938011169, 0.5189999938011169, 0.5189999938011169, 0.5170000195503235, 0.5170000195503235, 0.5170000195503235, 0.5170000195503235, 0.5180000066757202, 0.5189999938011169, 0.5199999809265137, 0.5199999809265137, 0.5220000147819519, 0.5230000019073486, 0.5239999890327454, 0.5239999890327454, 0.5260000228881836, 0.527999997138977, 0.531000018119812, 0.5329999923706055, 0.5360000133514404, 0.5379999876022339, 0.5410000085830688, 0.5440000295639038, 0.5479999780654907, 0.5509999990463257, 0.5550000071525574, 0.5600000023841858, 0.5649999976158142, 0.5630000233650208, 0.5659999847412109, 0.5630000233650208, 0.5640000104904175, 0.5649999976158142, 0.5659999847412109, 0.5680000185966492, 0.5709999799728394, 0.5460000038146973, 0.5389999747276306, 0.5329999923706055, 0.5270000100135803, 0.5199999809265137, 0.5139999985694885, 0.5099999904632568, 0.5770000219345093, 0.5370000004768372, 0.492000013589859, 0.4869999885559082, 0.4819999933242798, 0.47699999809265137, 0.47200000286102295, 0.46799999475479126, 0.46399998664855957, 0.46000000834465027, 0.4580000042915344, 0.4560000002384186, 0.453000009059906, 0.45100000500679016, 0.4480000138282776, 0.44600000977516174, 0.4440000057220459, 0.44200000166893005, 0.4399999976158142, 0.43799999356269836, 0.4359999895095825, 0.4339999854564667, 0.4320000112056732, 0.4300000071525574, 0.4300000071525574, 0.42899999022483826, 0.42800000309944153, 0.4269999861717224, 0.4259999990463257, 0.42500001192092896, 0.42399999499320984, 0.4230000078678131, 0.4230000078678131, 0.4230000078678131, 0.42399999499320984, 0.42500001192092896, 0.4259999990463257, 0.4259999990463257, 0.4259999990463257, 0.4269999861717224, 0.42800000309944153, 0.4300000071525574, 0.4309999942779541, 0.4320000112056732, 0.4339999854564667, 0.4350000023841858, 0.43700000643730164, 0.43799999356269836, 0.4359999895095825, 0.4309999942779541, 0.43299999833106995, 0.42899999022483826, 0.4269999861717224, 0.42500001192092896, 0.4230000078678131, 0.421999990940094, 0.41999998688697815, 0.4180000126361847, 0.4169999957084656, 0.41600000858306885, 0.414000004529953, 0.4129999876022339, 0.4129999876022339, 0.41200000047683716, 0.41200000047683716, 0.41200000047683716, 0.41200000047683716, 0.41200000047683716, 0.41200000047683716, 0.41200000047683716, 0.4129999876022339, 0.4129999876022339, 0.414000004529953, 0.414000004529953, 0.41499999165534973, 0.41600000858306885, 0.4169999957084656, 0.4180000126361847, 0.41999998688697815, 0.42100000381469727, 0.421999990940094, 0.42399999499320984, 0.4259999990463257, 0.42899999022483826, 0.4309999942779541, 0.4339999854564667, 0.43700000643730164, 0.4399999976158142, 0.4429999887943268, 0.44600000977516174, 0.4490000009536743, 0.4519999921321869, 0.45500001311302185, 0.4580000042915344, 0.46000000834465027, 0.46299999952316284, 0.46399998664855957, 0.4620000123977661, 0.4560000002384186, 0.45500001311302185, 0.4519999921321869, 0.44600000977516174, 0.4399999976158142, 0.4339999854564667, 0.42800000309944153, 0.42100000381469727, 0.41600000858306885, 0.41200000047683716, 0.40799999237060547, 0.40400001406669617, 0.4000000059604645, 0.3959999978542328, 0.3919999897480011, 0.3880000114440918, 0.3840000033378601, 0.38100001215934753, 0.3779999911785126, 0.375, 0.3720000088214874, 0.3700000047683716, 0.36800000071525574, 0.36500000953674316, 0.36399999260902405, 0.3619999885559082, 0.36000001430511475, 0.3580000102519989, 0.3569999933242798, 0.35600000619888306, 0.35499998927116394, 0.3540000021457672, 0.35100001096725464, 0.35100001096725464, 0.3499999940395355, 0.3490000069141388, 0.3479999899864197, 0.34700000286102295, 0.34700000286102295, 0.34700000286102295, 0.34700000286102295, 0.34700000286102295, 0.34700000286102295, 0.34700000286102295, 0.34700000286102295, 0.3479999899864197, 0.3479999899864197, 0.3479999899864197, 0.3490000069141388, 0.3490000069141388, 0.3490000069141388, 0.3499999940395355, 0.35100001096725464, 0.3529999852180481, 0.3540000021457672, 0.35499998927116394, 0.3569999933242798, 0.35899999737739563, 0.36000001430511475, 0.3619999885559082, 0.36399999260902405, 0.3659999966621399, 0.36800000071525574, 0.3709999918937683, 0.375, 0.3799999952316284, 0.3869999945163727, 0.3959999978542328, 0.37700000405311584, 0.37700000405311584, 0.37599998712539673, 0.37400001287460327, 0.37299999594688416, 0.3709999918937683, 0.3700000047683716, 0.3700000047683716, 0.3700000047683716, 0.36899998784065247, 0.36800000071525574, 0.36800000071525574, 0.36800000071525574, 0.36899998784065247, 0.36800000071525574, 0.36800000071525574, 0.36899998784065247, 0.36899998784065247, 0.36899998784065247, 0.3700000047683716, 0.3709999918937683, 0.3720000088214874, 0.37299999594688416, 0.37400001287460327, 0.375, 0.37599998712539673, 0.37700000405311584, 0.3790000081062317, 0.38100001215934753, 0.382999986410141, 0.38499999046325684, 0.3869999945163727, 0.3889999985694885, 0.39100000262260437, 0.3930000066757202, 0.39800000190734863, 0.4000000059604645, 0.40299999713897705, 0.4050000011920929, 0.40799999237060547, 0.41100001335144043, 0.414000004529953, 0.4169999957084656, 0.42100000381469727, 0.42500001192092896, 0.4300000071525574, 0.4350000023841858, 0.4390000104904175, 0.4440000057220459, 0.4490000009536743, 0.4519999921321869, 0.45399999618530273, 0.4620000123977661, 0.460999995470047, 0.4440000057220459, 0.4359999895095825, 0.42899999022483826, 0.42800000309944153, 0.42100000381469727, 0.4129999876022339, 0.40700000524520874, 0.4059999883174896, 0.40299999713897705, 0.39500001072883606, 0.3880000114440918, 0.38199999928474426, 0.37599998712539673, 0.3709999918937683, 0.367000013589859, 0.3619999885559082, 0.3580000102519989, 0.3540000021457672, 0.3490000069141388, 0.34599998593330383, 0.34200000762939453, 0.33899998664855957, 0.33500000834465027, 0.3319999873638153, 0.32899999618530273, 0.3269999921321869, 0.3240000009536743, 0.32199999690055847, 0.3199999928474426, 0.3179999887943268, 0.3149999976158142, 0.31299999356269836, 0.31200000643730164, 0.3100000023841858, 0.30799999833106995, 0.3070000112056732, 0.3059999942779541, 0.3050000071525574, 0.3050000071525574, 0.3059999942779541, 0.36399999260902405, 0.46700000762939453, 0.46799999475479126, 0.4699999988079071, 0.4699999988079071, 0.4699999988079071, 0.47099998593330383, 0.47200000286102295, 0.4729999899864197, 0.4729999899864197, 0.4749999940395355, 0.47600001096725464, 0.47699999809265137, 0.4779999852180481, 0.47999998927116394, 0.4819999933242798, 0.4830000102519989, 0.4860000014305115, 0.4880000054836273, 0.4909999966621399, 0.49300000071525574, 0.4959999918937683, 0.49900001287460327, 0.5009999871253967, 0.5049999952316284, 0.5090000033378601, 0.5130000114440918, 0.5170000195503235, 0.5220000147819519, 0.527999997138977]
intensities: [3374.0, 3121.0, 3242.0, 2912.0, 3179.0, 3066.0, 2070.0, 3222.0, 3994.0, 2865.0, 3131.0, 3299.0, 3042.0, 3359.0, 3082.0, 3228.0, 3354.0, 3271.0, 3416.0, 3337.0, 3518.0, 3518.0, 3328.0, 3752.0, 3585.0, 3809.0, 3694.0, 3534.0, 3540.0, 3837.0, 3828.0, 3554.0, 3759.0, 3636.0, 3442.0, 3406.0, 3610.0, 3424.0, 3422.0, 3327.0, 3554.0, 3443.0, 3292.0, 3424.0, 3487.0, 3167.0, 3192.0, 3588.0, 3274.0, 3232.0, 3125.0, 3056.0, 2439.0, 4120.0, 2555.0, 3156.0, 3387.0, 2986.0, 2998.0, 2938.0, 3155.0, 2527.0, 3111.0, 2954.0, 3020.0, 3342.0, 3353.0, 3761.0, 3597.0, 2779.0, 2078.0, 3611.0, 3845.0, 3317.0, 3380.0, 3307.0, 3590.0, 3552.0, 3701.0, 3780.0, 4248.0, 4018.0, 4041.0, 3878.0, 3689.0, 3626.0, 3773.0, 3870.0, 3771.0, 3713.0, 3622.0, 3801.0, 3422.0, 3725.0, 3718.0, 3655.0, 3846.0, 3843.0, 3976.0, 3783.0, 4092.0, 3795.0, 3492.0, 3796.0, 4119.0, 4168.0, 4106.0, 4155.0, 3990.0, 3696.0, 3705.0, 3599.0, 3578.0, 3732.0, 3602.0, 3803.0, 3849.0, 3713.0, 2017.0, 4906.0, 3720.0, 3697.0, 3669.0, 3679.0, 3669.0, 4210.0, 4135.0, 3814.0, 3871.0, 4094.0, 4003.0, 3782.0, 4171.0, 4040.0, 4099.0, 4167.0, 4089.0, 3945.0, 4157.0, 4140.0, 4317.0, 4315.0, 4176.0, 3849.0, 3928.0, 4093.0, 4302.0, 4011.0, 3946.0, 3853.0, 3832.0, 3885.0, 3778.0, 3755.0, 3690.0, 3470.0, 3745.0, 3716.0, 3885.0, 3998.0, 3838.0, 4196.0, 4058.0, 3976.0, 3888.0, 3783.0, 3808.0, 4321.0, 2964.0, 3925.0, 3950.0, 3930.0, 3518.0, 3880.0, 3935.0, 3917.0, 4055.0, 4349.0, 4199.0, 4041.0, 4135.0, 4130.0, 4192.0, 4510.0, 4281.0, 4405.0, 4419.0, 4113.0, 4154.0, 4610.0, 3644.0, 4047.0, 4401.0, 4370.0, 4296.0, 4278.0, 4182.0, 4671.0, 4583.0, 3954.0, 4415.0, 4666.0, 4547.0, 4560.0, 4404.0, 4508.0, 4634.0, 4284.0, 4331.0, 4475.0, 4701.0, 4322.0, 4577.0, 4697.0, 4077.0, 4427.0, 4518.0, 4800.0, 4258.0, 4368.0, 4555.0, 4327.0, 4429.0, 4403.0, 4459.0, 4358.0, 4211.0, 4323.0, 4474.0, 3988.0, 4232.0, 4269.0, 4252.0, 5138.0, 4669.0, 5737.0, 4246.0, 4219.0, 4182.0, 4367.0, 4313.0, 4271.0, 4223.0, 4662.0, 4245.0, 4154.0, 4258.0, 4411.0, 4200.0, 4330.0, 4131.0, 4316.0, 4710.0, 4475.0, 4320.0, 4305.0, 4557.0, 4569.0, 4217.0, 4372.0, 4359.0, 4443.0, 4046.0, 4140.0, 4344.0, 4065.0, 4028.0, 4124.0, 4221.0, 3087.0, 4222.0, 4125.0, 3805.0, 4185.0, 4249.0, 4214.0, 4205.0, 3934.0, 3863.0, 3892.0, 3768.0, 3747.0, 3863.0, 3872.0, 3852.0, 4134.0, 3103.0, 5466.0, 6776.0, 3205.0, 3724.0, 3174.0, 5291.0, 3811.0, 4733.0, 4105.0, 4157.0, 5398.0, 4238.0, 4025.0, 4019.0, 4285.0, 3795.0, 4249.0, 4147.0, 4109.0, 4282.0, 4410.0, 4441.0, 4315.0, 4138.0, 4451.0, 4259.0, 4449.0, 4349.0, 4474.0, 4625.0, 4377.0, 4849.0, 4487.0, 5156.0, 4797.0, 4896.0, 4769.0, 4767.0, 4783.0, 4751.0, 4493.0, 3784.0, 11591.0, 262.0, 2742.0, 3456.0, 3680.0, 3630.0, 3714.0, 3502.0, 3649.0, 3437.0, 3343.0, 3496.0, 3401.0, 3398.0, 3407.0, 3382.0, 3582.0, 3482.0, 3381.0, 3580.0, 3544.0, 3527.0, 3763.0, 3631.0, 3604.0, 3749.0, 3775.0, 3612.0, 3530.0, 3420.0, 3383.0]
---
header: 
  seq: 1584
  stamp: 
    secs: 1580217293
    nsecs: 472416648
  frame_id: "base_scan"
angle_min: 0.0
angle_max: 6.26573181152
angle_increment: 0.0174532923847
time_increment: 2.98800005112e-05
scan_time: 0.0
range_min: 0.119999997318
range_max: 3.5
ranges: [0.5260000228881836, 0.5299999713897705, 0.5350000262260437, 0.5389999747276306, 0.5429999828338623, 0.5479999780654907, 0.5540000200271606, 0.5569999814033508, 0.5849999785423279, 0.5590000152587891, 0.5590000152587891, 0.5529999732971191, 0.550000011920929, 0.5460000038146973, 0.5429999828338623, 0.5400000214576721, 0.5360000133514404, 0.5339999794960022, 0.5320000052452087, 0.5299999713897705, 0.5289999842643738, 0.527999997138977, 0.5249999761581421, 0.5239999890327454, 0.5230000019073486, 0.5220000147819519, 0.5199999809265137, 0.5210000276565552, 0.5189999938011169, 0.5180000066757202, 0.5170000195503235, 0.5170000195503235, 0.5180000066757202, 0.5180000066757202, 0.5180000066757202, 0.5180000066757202, 0.5180000066757202, 0.5199999809265137, 0.5199999809265137, 0.5220000147819519, 0.5220000147819519, 0.5230000019073486, 0.5239999890327454, 0.5249999761581421, 0.527999997138977, 0.5299999713897705, 0.5329999923706055, 0.5360000133514404, 0.5389999747276306, 0.5419999957084656, 0.5440000295639038, 0.546999990940094, 0.550000011920929, 0.5540000200271606, 0.5580000281333923, 0.5640000104904175, 0.5630000233650208, 0.5669999718666077, 0.5630000233650208, 0.5630000233650208, 0.5649999976158142, 0.5659999847412109, 0.5680000185966492, 0.5709999799728394, 0.5460000038146973, 0.5389999747276306, 0.5329999923706055, 0.5260000228881836, 0.5189999938011169, 0.5139999985694885, 0.5109999775886536, 0.5759999752044678, 0.5360000133514404, 0.4909999966621399, 0.4860000014305115, 0.48100000619888306, 0.47600001096725464, 0.47099998593330383, 0.46700000762939453, 0.46299999952316284, 0.46000000834465027, 0.4569999873638153, 0.45399999618530273, 0.45100000500679016, 0.4490000009536743, 0.44699999690055847, 0.4449999928474426, 0.4429999887943268, 0.4410000145435333, 0.4390000104904175, 0.4359999895095825, 0.4339999854564667, 0.4320000112056732, 0.4300000071525574, 0.42800000309944153, 0.42800000309944153, 0.4259999990463257, 0.4259999990463257, 0.4259999990463257, 0.42500001192092896, 0.42500001192092896, 0.42399999499320984, 0.4230000078678131, 0.421999990940094, 0.421999990940094, 0.4230000078678131, 0.42399999499320984, 0.42399999499320984, 0.42399999499320984, 0.42500001192092896, 0.4259999990463257, 0.4269999861717224, 0.42800000309944153, 0.42899999022483826, 0.4309999942779541, 0.43299999833106995, 0.4339999854564667, 0.4350000023841858, 0.4359999895095825, 0.4339999854564667, 0.42899999022483826, 0.4320000112056732, 0.42800000309944153, 0.4259999990463257, 0.42399999499320984, 0.421999990940094, 0.42100000381469727, 0.41999998688697815, 0.4169999957084656, 0.41600000858306885, 0.41499999165534973, 0.414000004529953, 0.4129999876022339, 0.4129999876022339, 0.41200000047683716, 0.41100001335144043, 0.41100001335144043, 0.41100001335144043, 0.41100001335144043, 0.41100001335144043, 0.41100001335144043, 0.41200000047683716, 0.4129999876022339, 0.414000004529953, 0.414000004529953, 0.414000004529953, 0.41499999165534973, 0.41600000858306885, 0.4169999957084656, 0.4180000126361847, 0.4189999997615814, 0.42100000381469727, 0.4230000078678131, 0.42500001192092896, 0.42800000309944153, 0.4309999942779541, 0.4339999854564667, 0.43700000643730164, 0.4399999976158142, 0.4429999887943268, 0.4449999928474426, 0.4480000138282776, 0.45100000500679016, 0.45399999618530273, 0.4569999873638153, 0.46000000834465027, 0.4620000123977661, 0.46399998664855957, 0.46299999952316284, 0.4580000042915344, 0.45399999618530273, 0.45100000500679016, 0.4449999928474426, 0.4399999976158142, 0.4339999854564667, 0.42800000309944153, 0.421999990940094, 0.41600000858306885, 0.41100001335144043, 0.40700000524520874, 0.40299999713897705, 0.39899998903274536, 0.39500001072883606, 0.39100000262260437, 0.3869999945163727, 0.3840000033378601, 0.3799999952316284, 0.37700000405311584, 0.37400001287460327, 0.3720000088214874, 0.3700000047683716, 0.36899998784065247, 0.36500000953674316, 0.36399999260902405, 0.3619999885559082, 0.36000001430511475, 0.3580000102519989, 0.3569999933242798, 0.35600000619888306, 0.35499998927116394, 0.3540000021457672, 0.35100001096725464, 0.35100001096725464, 0.3499999940395355, 0.3490000069141388, 0.3479999899864197, 0.3479999899864197, 0.3479999899864197, 0.3479999899864197, 0.34700000286102295, 0.34700000286102295, 0.34700000286102295, 0.34700000286102295, 0.34700000286102295, 0.34700000286102295, 0.3479999899864197, 0.3479999899864197, 0.3490000069141388, 0.3499999940395355, 0.3499999940395355, 0.35100001096725464, 0.35199999809265137, 0.3529999852180481, 0.3540000021457672, 0.35499998927116394, 0.35600000619888306, 0.3580000102519989, 0.36000001430511475, 0.3619999885559082, 0.36399999260902405, 0.3659999966621399, 0.36899998784065247, 0.3709999918937683, 0.37400001287460327, 0.37700000405311584, 0.3799999952316284, 0.41100001335144043, 0.37700000405311584, 0.37700000405311584, 0.37599998712539673, 0.37400001287460327, 0.37299999594688416, 0.3720000088214874, 0.3709999918937683, 0.3709999918937683, 0.3700000047683716, 0.36899998784065247, 0.36899998784065247, 0.36899998784065247, 0.36899998784065247, 0.36899998784065247, 0.36899998784065247, 0.36899998784065247, 0.3700000047683716, 0.3709999918937683, 0.3700000047683716, 0.3709999918937683, 0.3720000088214874, 0.37299999594688416, 0.37400001287460327, 0.375, 0.37599998712539673, 0.37700000405311584, 0.3779999911785126, 0.3799999952316284, 0.38199999928474426, 0.3840000033378601, 0.38600000739097595, 0.3880000114440918, 0.38999998569488525, 0.3919999897480011, 0.39399999380111694, 0.39899998903274536, 0.4009999930858612, 0.40299999713897705, 0.4059999883174896, 0.4090000092983246, 0.41200000047683716, 0.41499999165534973, 0.4189999997615814, 0.4230000078678131, 0.4269999861717224, 0.4320000112056732, 0.43700000643730164, 0.4410000145435333, 0.44600000977516174, 0.45100000500679016, 0.45500001311302185, 0.45899999141693115, 0.47999998927116394, 0.4440000057220459, 0.4440000057220459, 0.43700000643730164, 0.4309999942779541, 0.42800000309944153, 0.41999998688697815, 0.414000004529953, 0.40799999237060547, 0.40700000524520874, 0.40400001406669617, 0.39399999380111694, 0.3869999945163727, 0.38100001215934753, 0.37599998712539673, 0.3709999918937683, 0.367000013589859, 0.3619999885559082, 0.3580000102519989, 0.3540000021457672, 0.3499999940395355, 0.34599998593330383, 0.34200000762939453, 0.33799999952316284, 0.33500000834465027, 0.3319999873638153, 0.32899999618530273, 0.3269999921321869, 0.32499998807907104, 0.32199999690055847, 0.3199999928474426, 0.3179999887943268, 0.3149999976158142, 0.3140000104904175, 0.31200000643730164, 0.3100000023841858, 0.30799999833106995, 0.3070000112056732, 0.3059999942779541, 0.3050000071525574, 0.30399999022483826, 0.3199999928474426, 0.0, 0.4740000069141388, 0.47200000286102295, 0.47099998593330383, 0.47200000286102295, 0.47099998593330383, 0.47200000286102295, 0.47200000286102295, 0.4729999899864197, 0.4740000069141388, 0.4740000069141388, 0.47600001096725464, 0.47699999809265137, 0.4790000021457672, 0.47999998927116394, 0.4819999933242798, 0.48399999737739563, 0.4860000014305115, 0.4880000054836273, 0.4909999966621399, 0.4950000047683716, 0.4970000088214874, 0.5, 0.5019999742507935, 0.5049999952316284, 0.5090000033378601, 0.5130000114440918, 0.5170000195503235, 0.5230000019073486]
intensities: [3393.0, 3302.0, 3204.0, 3090.0, 2771.0, 3293.0, 3194.0, 2334.0, 2984.0, 3996.0, 3005.0, 3233.0, 3483.0, 3260.0, 3245.0, 3058.0, 3161.0, 3259.0, 3211.0, 3334.0, 3434.0, 3575.0, 3426.0, 3471.0, 3752.0, 3471.0, 3724.0, 3584.0, 3457.0, 3938.0, 3687.0, 3799.0, 3443.0, 3473.0, 3773.0, 3760.0, 3596.0, 3788.0, 3492.0, 3680.0, 3619.0, 3654.0, 3380.0, 3450.0, 3419.0, 3472.0, 3335.0, 3661.0, 3333.0, 3290.0, 3445.0, 2967.0, 2991.0, 2668.0, 4495.0, 2668.0, 3310.0, 3466.0, 3127.0, 3514.0, 2960.0, 3055.0, 2570.0, 2961.0, 2801.0, 3390.0, 3525.0, 3449.0, 3781.0, 3377.0, 2861.0, 2079.0, 3595.0, 3694.0, 3397.0, 3463.0, 3692.0, 3675.0, 3855.0, 3504.0, 3623.0, 4035.0, 3747.0, 4158.0, 3878.0, 3604.0, 3647.0, 3836.0, 3936.0, 3670.0, 3830.0, 3719.0, 4245.0, 3413.0, 3669.0, 3670.0, 3862.0, 4187.0, 3940.0, 3816.0, 3954.0, 3919.0, 3732.0, 3681.0, 3816.0, 4080.0, 4026.0, 3832.0, 4112.0, 3790.0, 4027.0, 3735.0, 3843.0, 3806.0, 3888.0, 3709.0, 3864.0, 3075.0, 3728.0, 2117.0, 4814.0, 3616.0, 3901.0, 4035.0, 3501.0, 3744.0, 4098.0, 3945.0, 4042.0, 4236.0, 3983.0, 4347.0, 4169.0, 4067.0, 4146.0, 4262.0, 4362.0, 4114.0, 3897.0, 4070.0, 4274.0, 4093.0, 4366.0, 4167.0, 4129.0, 3945.0, 3907.0, 4075.0, 4013.0, 3714.0, 4004.0, 3870.0, 3711.0, 3601.0, 3767.0, 3785.0, 3513.0, 3677.0, 3559.0, 3843.0, 3836.0, 3928.0, 4001.0, 3952.0, 4260.0, 4044.0, 3708.0, 3477.0, 4686.0, 3150.0, 3916.0, 3953.0, 3560.0, 3881.0, 3637.0, 3902.0, 3935.0, 4080.0, 4012.0, 4157.0, 4009.0, 3788.0, 3998.0, 4067.0, 4033.0, 4148.0, 4179.0, 4063.0, 4234.0, 3964.0, 4335.0, 4144.0, 4082.0, 4335.0, 4300.0, 4446.0, 4453.0, 4387.0, 4541.0, 4905.0, 3985.0, 4283.0, 4457.0, 4615.0, 4525.0, 4199.0, 4526.0, 4474.0, 4417.0, 4683.0, 4593.0, 4854.0, 4558.0, 4713.0, 4463.0, 4253.0, 4375.0, 4348.0, 4761.0, 4433.0, 4195.0, 4417.0, 4443.0, 4294.0, 4409.0, 4344.0, 4211.0, 4037.0, 4460.0, 4459.0, 4393.0, 4368.0, 4149.0, 4463.0, 4366.0, 4210.0, 5457.0, 4262.0, 4343.0, 4311.0, 4157.0, 4432.0, 4259.0, 4174.0, 4359.0, 4252.0, 4327.0, 4301.0, 4242.0, 4335.0, 4549.0, 4060.0, 4305.0, 4304.0, 4485.0, 4235.0, 4454.0, 4658.0, 4566.0, 4254.0, 4235.0, 4230.0, 4473.0, 4178.0, 4057.0, 4394.0, 4210.0, 4126.0, 4057.0, 4249.0, 3265.0, 4361.0, 3890.0, 4143.0, 4029.0, 4250.0, 4227.0, 4243.0, 4008.0, 3806.0, 3796.0, 3778.0, 3514.0, 3718.0, 3788.0, 3963.0, 4242.0, 3888.0, 6418.0, 7152.0, 3444.0, 3748.0, 3592.0, 5606.0, 3433.0, 3852.0, 3932.0, 4091.0, 4889.0, 3898.0, 4080.0, 3906.0, 4100.0, 4284.0, 4059.0, 3922.0, 4272.0, 4671.0, 4452.0, 4209.0, 4225.0, 4004.0, 4721.0, 4138.0, 4349.0, 4576.0, 4513.0, 4590.0, 4195.0, 4681.0, 4693.0, 5133.0, 4694.0, 4908.0, 4599.0, 4810.0, 4682.0, 4499.0, 5052.0, 5195.0, 9600.0, 114.0, 2922.0, 3414.0, 3437.0, 3562.0, 3565.0, 3803.0, 3735.0, 3379.0, 3394.0, 3477.0, 3478.0, 3448.0, 3410.0, 3491.0, 3467.0, 3114.0, 3332.0, 3268.0, 3395.0, 3499.0, 3564.0, 3450.0, 3558.0, 3771.0, 3976.0, 3865.0, 3591.0, 3505.0]
---
header: 
  seq: 1585
  stamp: 
    secs: 1580217293
    nsecs: 673648471
  frame_id: "base_scan"
angle_min: 0.0
angle_max: 6.26573181152
angle_increment: 0.0174532923847
time_increment: 2.98800005112e-05
scan_time: 0.0
range_min: 0.119999997318
range_max: 3.5
ranges: [0.5199999809265137, 0.5239999890327454, 0.5289999842643738, 0.5339999794960022, 0.5389999747276306, 0.5440000295639038, 0.5479999780654907, 0.5529999732971191, 0.5569999814033508, 0.5640000104904175, 0.5600000023841858, 0.5559999942779541, 0.5529999732971191, 0.5509999990463257, 0.546999990940094, 0.5429999828338623, 0.5400000214576721, 0.5370000004768372, 0.5350000262260437, 0.5329999923706055, 0.5299999713897705, 0.527999997138977, 0.5270000100135803, 0.5249999761581421, 0.5249999761581421, 0.5230000019073486, 0.5220000147819519, 0.5199999809265137, 0.5189999938011169, 0.5180000066757202, 0.5180000066757202, 0.5170000195503235, 0.5180000066757202, 0.5170000195503235, 0.5170000195503235, 0.5170000195503235, 0.5180000066757202, 0.5180000066757202, 0.5180000066757202, 0.5189999938011169, 0.5199999809265137, 0.5210000276565552, 0.5220000147819519, 0.5230000019073486, 0.5249999761581421, 0.5270000100135803, 0.527999997138977, 0.531000018119812, 0.5339999794960022, 0.5370000004768372, 0.5400000214576721, 0.5429999828338623, 0.5460000038146973, 0.550000011920929, 0.5540000200271606, 0.5590000152587891, 0.5659999847412109, 0.5690000057220459, 0.5699999928474426, 0.5600000023841858, 0.5600000023841858, 0.5619999766349792, 0.5630000233650208, 0.5649999976158142, 0.5649999976158142, 0.546999990940094, 0.5400000214576721, 0.5339999794960022, 0.5270000100135803, 0.5220000147819519, 0.5170000195503235, 0.5139999985694885, 0.515999972820282, 0.5189999938011169, 0.49000000953674316, 0.48500001430511475, 0.47999998927116394, 0.47600001096725464, 0.47200000286102295, 0.46799999475479126, 0.46399998664855957, 0.46000000834465027, 0.4580000042915344, 0.45500001311302185, 0.4519999921321869, 0.44999998807907104, 0.4480000138282776, 0.4449999928474426, 0.4429999887943268, 0.4410000145435333, 0.43799999356269836, 0.4359999895095825, 0.4339999854564667, 0.4320000112056732, 0.4309999942779541, 0.4300000071525574, 0.42800000309944153, 0.4269999861717224, 0.42500001192092896, 0.42399999499320984, 0.4230000078678131, 0.421999990940094, 0.421999990940094, 0.421999990940094, 0.421999990940094, 0.421999990940094, 0.421999990940094, 0.421999990940094, 0.421999990940094, 0.421999990940094, 0.4230000078678131, 0.42399999499320984, 0.4259999990463257, 0.42800000309944153, 0.42800000309944153, 0.4300000071525574, 0.4309999942779541, 0.43299999833106995, 0.4350000023841858, 0.43700000643730164, 0.43700000643730164, 0.4390000104904175, 0.4309999942779541, 0.4300000071525574, 0.4259999990463257, 0.42399999499320984, 0.421999990940094, 0.4189999997615814, 0.4180000126361847, 0.41600000858306885, 0.41499999165534973, 0.41499999165534973, 0.41499999165534973, 0.414000004529953, 0.4129999876022339, 0.41200000047683716, 0.41100001335144043, 0.4099999964237213, 0.4099999964237213, 0.4099999964237213, 0.41100001335144043, 0.41100001335144043, 0.41100001335144043, 0.41200000047683716, 0.4129999876022339, 0.4129999876022339, 0.414000004529953, 0.41499999165534973, 0.41499999165534973, 0.41600000858306885, 0.4169999957084656, 0.4180000126361847, 0.41999998688697815, 0.421999990940094, 0.42399999499320984, 0.4259999990463257, 0.42800000309944153, 0.4309999942779541, 0.4339999854564667, 0.43700000643730164, 0.4399999976158142, 0.4429999887943268, 0.4449999928474426, 0.4480000138282776, 0.45100000500679016, 0.45399999618530273, 0.4580000042915344, 0.4620000123977661, 0.4659999907016754, 0.4699999988079071, 0.4729999899864197, 0.47600001096725464, 0.45500001311302185, 0.4490000009536743, 0.4429999887943268, 0.43700000643730164, 0.4309999942779541, 0.42500001192092896, 0.4189999997615814, 0.414000004529953, 0.4099999964237213, 0.4059999883174896, 0.4020000100135803, 0.39800000190734863, 0.39399999380111694, 0.38999998569488525, 0.38600000739097595, 0.382999986410141, 0.3799999952316284, 0.37700000405311584, 0.37400001287460327, 0.3720000088214874, 0.3700000047683716, 0.3700000047683716, 0.36500000953674316, 0.3630000054836273, 0.3610000014305115, 0.36000001430511475, 0.3580000102519989, 0.3569999933242798, 0.35600000619888306, 0.35499998927116394, 0.3540000021457672, 0.3499999940395355, 0.35100001096725464, 0.3499999940395355, 0.3490000069141388, 0.3490000069141388, 0.3479999899864197, 0.3479999899864197, 0.3479999899864197, 0.34700000286102295, 0.34700000286102295, 0.3479999899864197, 0.3479999899864197, 0.3479999899864197, 0.3479999899864197, 0.3479999899864197, 0.3490000069141388, 0.3490000069141388, 0.3499999940395355, 0.35100001096725464, 0.35199999809265137, 0.3529999852180481, 0.3540000021457672, 0.35499998927116394, 0.35600000619888306, 0.3580000102519989, 0.36000001430511475, 0.3610000014305115, 0.3630000054836273, 0.3659999966621399, 0.36800000071525574, 0.3700000047683716, 0.3720000088214874, 0.37400001287460327, 0.37599998712539673, 0.37599998712539673, 0.37599998712539673, 0.37599998712539673, 0.3779999911785126, 0.375, 0.37400001287460327, 0.37400001287460327, 0.37299999594688416, 0.3720000088214874, 0.3709999918937683, 0.3709999918937683, 0.3709999918937683, 0.3709999918937683, 0.3700000047683716, 0.3700000047683716, 0.3700000047683716, 0.3700000047683716, 0.3700000047683716, 0.3700000047683716, 0.3700000047683716, 0.3709999918937683, 0.3720000088214874, 0.37299999594688416, 0.37400001287460327, 0.375, 0.37599998712539673, 0.3779999911785126, 0.3790000081062317, 0.3799999952316284, 0.38199999928474426, 0.3840000033378601, 0.38600000739097595, 0.3880000114440918, 0.38999998569488525, 0.3919999897480011, 0.39500001072883606, 0.39899998903274536, 0.4009999930858612, 0.40400001406669617, 0.4059999883174896, 0.4090000092983246, 0.41200000047683716, 0.41499999165534973, 0.4189999997615814, 0.4230000078678131, 0.4269999861717224, 0.4320000112056732, 0.4359999895095825, 0.4399999976158142, 0.4440000057220459, 0.4480000138282776, 0.45100000500679016, 0.4519999921321869, 0.4569999873638153, 0.4519999921321869, 0.4490000009536743, 0.4390000104904175, 0.4339999854564667, 0.4339999854564667, 0.4300000071525574, 0.41499999165534973, 0.4090000092983246, 0.40799999237060547, 0.4050000011920929, 0.3970000147819519, 0.39100000262260437, 0.38499999046325684, 0.3790000081062317, 0.37400001287460327, 0.36899998784065247, 0.36500000953674316, 0.36000001430511475, 0.35600000619888306, 0.35100001096725464, 0.3479999899864197, 0.3440000116825104, 0.3409999907016754, 0.3370000123977661, 0.33399999141693115, 0.3310000002384186, 0.328000009059906, 0.32600000500679016, 0.3230000138282776, 0.32100000977516174, 0.3199999928474426, 0.3160000145435333, 0.3149999976158142, 0.31299999356269836, 0.31200000643730164, 0.3100000023841858, 0.30799999833106995, 0.3070000112056732, 0.3059999942779541, 0.3059999942779541, 0.3070000112056732, 0.3479999899864197, 0.4449999928474426, 0.47200000286102295, 0.47200000286102295, 0.47200000286102295, 0.47200000286102295, 0.47200000286102295, 0.47200000286102295, 0.4729999899864197, 0.4740000069141388, 0.4740000069141388, 0.4749999940395355, 0.47600001096725464, 0.4779999852180481, 0.47999998927116394, 0.4819999933242798, 0.48500001430511475, 0.4869999885559082, 0.48899999260902405, 0.492000013589859, 0.49399998784065247, 0.4959999918937683, 0.49900001287460327, 0.5019999742507935, 0.5059999823570251, 0.5090000033378601, 0.5130000114440918, 0.5189999938011169]
intensities: [3529.0, 3273.0, 3491.0, 3282.0, 3134.0, 2809.0, 2939.0, 2832.0, 3732.0, 4978.0, 3356.0, 2912.0, 3149.0, 3238.0, 3174.0, 3119.0, 3318.0, 3112.0, 3142.0, 3138.0, 3597.0, 3237.0, 3556.0, 3234.0, 3613.0, 3502.0, 3458.0, 3752.0, 3710.0, 3832.0, 3603.0, 3819.0, 3466.0, 3852.0, 3735.0, 3666.0, 3666.0, 3683.0, 3754.0, 3416.0, 3490.0, 3347.0, 3460.0, 3213.0, 3268.0, 3288.0, 3472.0, 3273.0, 3172.0, 3403.0, 3163.0, 3374.0, 3195.0, 2994.0, 3002.0, 4757.0, 2414.0, 4134.0, 3417.0, 2945.0, 3113.0, 3199.0, 3138.0, 5172.0, 3180.0, 3314.0, 3315.0, 3444.0, 3558.0, 3546.0, 3648.0, 4094.0, 2237.0, 3366.0, 3441.0, 3275.0, 3345.0, 3290.0, 3799.0, 3922.0, 3943.0, 3942.0, 4035.0, 3875.0, 3994.0, 3935.0, 4149.0, 4089.0, 4080.0, 3767.0, 3836.0, 3916.0, 3632.0, 3624.0, 3663.0, 3667.0, 4109.0, 4175.0, 3848.0, 3934.0, 3630.0, 3790.0, 3561.0, 3892.0, 3726.0, 3847.0, 3987.0, 3957.0, 3552.0, 3754.0, 3879.0, 3579.0, 3876.0, 3860.0, 4101.0, 3766.0, 3616.0, 3536.0, 4853.0, 3013.0, 7013.0, 3422.0, 4036.0, 3948.0, 3841.0, 4070.0, 3781.0, 3858.0, 3734.0, 4064.0, 3877.0, 3998.0, 4070.0, 4037.0, 4124.0, 4202.0, 4186.0, 4054.0, 4451.0, 4497.0, 4364.0, 4232.0, 3933.0, 3967.0, 4143.0, 4241.0, 4206.0, 4152.0, 4011.0, 3938.0, 3853.0, 4017.0, 3852.0, 3825.0, 4015.0, 3855.0, 3716.0, 3898.0, 3835.0, 3625.0, 3835.0, 3834.0, 3953.0, 3883.0, 3889.0, 3885.0, 3816.0, 3946.0, 3202.0, 4953.0, 8651.0, 3461.0, 3761.0, 4080.0, 3875.0, 3715.0, 3743.0, 3641.0, 3654.0, 4076.0, 4232.0, 3947.0, 3975.0, 4010.0, 3930.0, 4182.0, 4194.0, 4313.0, 4495.0, 4131.0, 4202.0, 3998.0, 4975.0, 4362.0, 4167.0, 4372.0, 4178.0, 4235.0, 4327.0, 4061.0, 3910.0, 4690.0, 4030.0, 4449.0, 4352.0, 4279.0, 4404.0, 4283.0, 4322.0, 4268.0, 4676.0, 4304.0, 4416.0, 4312.0, 4466.0, 4569.0, 4274.0, 4984.0, 4277.0, 4544.0, 4525.0, 4546.0, 4238.0, 4163.0, 4642.0, 4566.0, 4425.0, 4223.0, 4280.0, 4296.0, 4246.0, 4188.0, 4433.0, 4521.0, 4047.0, 5093.0, 3360.0, 4809.0, 3143.0, 5033.0, 4289.0, 4301.0, 3949.0, 4335.0, 4447.0, 4387.0, 4179.0, 4376.0, 4617.0, 4528.0, 4348.0, 4330.0, 4463.0, 4459.0, 4456.0, 4244.0, 4224.0, 4324.0, 4034.0, 4174.0, 4340.0, 4378.0, 4360.0, 4275.0, 4078.0, 4511.0, 4251.0, 4055.0, 4089.0, 3837.0, 4051.0, 3432.0, 4560.0, 4233.0, 4049.0, 4203.0, 4205.0, 4107.0, 4162.0, 3948.0, 3870.0, 3668.0, 3860.0, 3730.0, 3830.0, 3793.0, 3897.0, 4155.0, 2570.0, 5583.0, 5208.0, 2816.0, 3403.0, 2790.0, 4684.0, 3783.0, 5184.0, 3884.0, 4284.0, 5532.0, 4087.0, 3940.0, 4021.0, 4020.0, 4200.0, 4145.0, 4379.0, 4391.0, 4439.0, 4157.0, 4077.0, 4389.0, 4948.0, 4424.0, 4310.0, 4399.0, 4337.0, 4680.0, 4280.0, 4483.0, 5184.0, 4324.0, 4556.0, 4660.0, 4874.0, 4870.0, 4762.0, 4745.0, 4566.0, 4588.0, 3790.0, 11286.0, 685.0, 1918.0, 3355.0, 3582.0, 3432.0, 3470.0, 3442.0, 3495.0, 3569.0, 3618.0, 3479.0, 3396.0, 3376.0, 3171.0, 3152.0, 3234.0, 3745.0, 3267.0, 3497.0, 3722.0, 3561.0, 3623.0, 3696.0, 3729.0, 3644.0, 3896.0, 3843.0, 3625.0]
---
header: 
  seq: 1586
  stamp: 
    secs: 1580217293
    nsecs: 873640820
  frame_id: "base_scan"
angle_min: 0.0
angle_max: 6.26573181152
angle_increment: 0.0174532923847
time_increment: 2.98899994959e-05
scan_time: 0.0
range_min: 0.119999997318
range_max: 3.5
ranges: [0.515999972820282, 0.5199999809265137, 0.5239999890327454, 0.527999997138977, 0.5320000052452087, 0.5370000004768372, 0.5419999957084656, 0.546999990940094, 0.550000011920929, 0.5519999861717224, 0.5529999732971191, 0.5490000247955322, 0.5590000152587891, 0.5569999814033508, 0.5509999990463257, 0.546999990940094, 0.5440000295639038, 0.5400000214576721, 0.5379999876022339, 0.5360000133514404, 0.5329999923706055, 0.531000018119812, 0.5289999842643738, 0.5270000100135803, 0.5249999761581421, 0.5230000019073486, 0.5220000147819519, 0.5199999809265137, 0.5180000066757202, 0.5180000066757202, 0.5170000195503235, 0.5170000195503235, 0.5170000195503235, 0.5170000195503235, 0.515999972820282, 0.515999972820282, 0.5180000066757202, 0.5180000066757202, 0.5180000066757202, 0.5189999938011169, 0.5189999938011169, 0.5199999809265137, 0.5220000147819519, 0.5230000019073486, 0.5230000019073486, 0.5249999761581421, 0.5270000100135803, 0.527999997138977, 0.5299999713897705, 0.5320000052452087, 0.5339999794960022, 0.5360000133514404, 0.5389999747276306, 0.5429999828338623, 0.5460000038146973, 0.550000011920929, 0.5529999732971191, 0.5550000071525574, 0.5550000071525574, 0.5649999976158142, 0.5580000281333923, 0.5590000152587891, 0.5590000152587891, 0.5590000152587891, 0.5569999814033508, 0.5529999732971191, 0.5479999780654907, 0.5429999828338623, 0.5370000004768372, 0.527999997138977, 0.5220000147819519, 0.5149999856948853, 0.5080000162124634, 0.503000020980835, 0.5590000152587891, 0.5260000228881836, 0.4869999885559082, 0.4819999933242798, 0.47600001096725464, 0.47099998593330383, 0.46700000762939453, 0.46299999952316284, 0.46000000834465027, 0.4569999873638153, 0.45399999618530273, 0.4519999921321869, 0.4490000009536743, 0.44699999690055847, 0.4440000057220459, 0.44200000166893005, 0.4399999976158142, 0.43799999356269836, 0.43700000643730164, 0.4350000023841858, 0.43299999833106995, 0.4309999942779541, 0.42899999022483826, 0.4259999990463257, 0.4259999990463257, 0.42399999499320984, 0.42399999499320984, 0.4230000078678131, 0.421999990940094, 0.421999990940094, 0.42100000381469727, 0.42100000381469727, 0.41999998688697815, 0.41999998688697815, 0.41999998688697815, 0.42100000381469727, 0.4230000078678131, 0.4230000078678131, 0.4230000078678131, 0.4230000078678131, 0.42500001192092896, 0.4259999990463257, 0.4269999861717224, 0.42899999022483826, 0.4309999942779541, 0.4320000112056732, 0.4339999854564667, 0.4350000023841858, 0.43299999833106995, 0.42800000309944153, 0.4300000071525574, 0.4259999990463257, 0.4230000078678131, 0.42100000381469727, 0.41999998688697815, 0.4189999997615814, 0.4169999957084656, 0.41499999165534973, 0.414000004529953, 0.4129999876022339, 0.41200000047683716, 0.41200000047683716, 0.41100001335144043, 0.41100001335144043, 0.41100001335144043, 0.4099999964237213, 0.4099999964237213, 0.4099999964237213, 0.41100001335144043, 0.41100001335144043, 0.41100001335144043, 0.41200000047683716, 0.41200000047683716, 0.41200000047683716, 0.4129999876022339, 0.414000004529953, 0.41499999165534973, 0.4169999957084656, 0.4180000126361847, 0.4189999997615814, 0.41999998688697815, 0.421999990940094, 0.42399999499320984, 0.4259999990463257, 0.42899999022483826, 0.4320000112056732, 0.4350000023841858, 0.4390000104904175, 0.44200000166893005, 0.4440000057220459, 0.44699999690055847, 0.44999998807907104, 0.453000009059906, 0.4560000002384186, 0.45899999141693115, 0.4620000123977661, 0.46299999952316284, 0.460999995470047, 0.45399999618530273, 0.4569999873638153, 0.4519999921321869, 0.4449999928474426, 0.4390000104904175, 0.43299999833106995, 0.42800000309944153, 0.421999990940094, 0.4169999957084656, 0.41200000047683716, 0.40799999237060547, 0.40400001406669617, 0.4000000059604645, 0.3959999978542328, 0.3919999897480011, 0.3880000114440918, 0.38499999046325684, 0.38100001215934753, 0.3790000081062317, 0.37599998712539673, 0.37299999594688416, 0.3700000047683716, 0.36800000071525574, 0.3659999966621399, 0.36399999260902405, 0.3619999885559082, 0.3610000014305115, 0.35899999737739563, 0.3569999933242798, 0.35600000619888306, 0.3540000021457672, 0.3540000021457672, 0.35199999809265137, 0.35199999809265137, 0.35100001096725464, 0.3499999940395355, 0.3490000069141388, 0.3490000069141388, 0.3479999899864197, 0.3479999899864197, 0.3479999899864197, 0.3479999899864197, 0.3479999899864197, 0.3479999899864197, 0.3479999899864197, 0.3479999899864197, 0.3490000069141388, 0.3490000069141388, 0.3499999940395355, 0.3499999940395355, 0.35100001096725464, 0.35199999809265137, 0.3529999852180481, 0.3540000021457672, 0.35499998927116394, 0.3569999933242798, 0.3580000102519989, 0.35899999737739563, 0.3610000014305115, 0.3630000054836273, 0.36500000953674316, 0.36800000071525574, 0.3700000047683716, 0.37299999594688416, 0.37599998712539673, 0.38100001215934753, 0.3889999985694885, 0.39800000190734863, 0.3779999911785126, 0.3779999911785126, 0.3779999911785126, 0.37599998712539673, 0.375, 0.37400001287460327, 0.37299999594688416, 0.3720000088214874, 0.3720000088214874, 0.3709999918937683, 0.3709999918937683, 0.3709999918937683, 0.3709999918937683, 0.3709999918937683, 0.3709999918937683, 0.3709999918937683, 0.3709999918937683, 0.3720000088214874, 0.3720000088214874, 0.37299999594688416, 0.37400001287460327, 0.375, 0.37599998712539673, 0.37700000405311584, 0.37700000405311584, 0.3790000081062317, 0.3799999952316284, 0.38199999928474426, 0.3840000033378601, 0.38600000739097595, 0.3880000114440918, 0.39100000262260437, 0.3930000066757202, 0.3959999978542328, 0.3970000147819519, 0.4009999930858612, 0.40299999713897705, 0.4050000011920929, 0.40799999237060547, 0.41100001335144043, 0.414000004529953, 0.4169999957084656, 0.42100000381469727, 0.42500001192092896, 0.42899999022483826, 0.4350000023841858, 0.4399999976158142, 0.4449999928474426, 0.44999998807907104, 0.45500001311302185, 0.460999995470047, 0.46700000762939453, 0.4740000069141388, 0.48100000619888306, 0.4449999928474426, 0.4390000104904175, 0.4350000023841858, 0.43299999833106995, 0.41600000858306885, 0.4099999964237213, 0.40799999237060547, 0.4059999883174896, 0.4009999930858612, 0.39500001072883606, 0.3880000114440918, 0.38199999928474426, 0.37700000405311584, 0.3720000088214874, 0.367000013589859, 0.3619999885559082, 0.3580000102519989, 0.3540000021457672, 0.3499999940395355, 0.34599998593330383, 0.34299999475479126, 0.33899998664855957, 0.335999995470047, 0.3330000042915344, 0.33000001311302185, 0.3269999921321869, 0.32499998807907104, 0.32199999690055847, 0.3199999928474426, 0.31700000166893005, 0.3160000145435333, 0.3140000104904175, 0.31200000643730164, 0.3109999895095825, 0.3100000023841858, 0.3089999854564667, 0.30799999833106995, 0.30799999833106995, 0.3100000023841858, 0.335999995470047, 0.3659999966621399, 0.4729999899864197, 0.47200000286102295, 0.47200000286102295, 0.47200000286102295, 0.4729999899864197, 0.4729999899864197, 0.4729999899864197, 0.4740000069141388, 0.4749999940395355, 0.47600001096725464, 0.4779999852180481, 0.47999998927116394, 0.48100000619888306, 0.4819999933242798, 0.48500001430511475, 0.4869999885559082, 0.48899999260902405, 0.4909999966621399, 0.49300000071525574, 0.4959999918937683, 0.49900001287460327, 0.5019999742507935, 0.5070000290870667, 0.5099999904632568, 0.5149999856948853]
intensities: [3625.0, 3480.0, 3467.0, 3293.0, 3198.0, 3414.0, 3390.0, 3149.0, 2828.0, 5005.0, 2533.0, 3027.0, 3208.0, 2966.0, 3133.0, 3111.0, 3113.0, 3290.0, 3274.0, 3360.0, 3305.0, 3186.0, 3376.0, 3273.0, 3481.0, 3513.0, 3529.0, 3327.0, 3514.0, 3557.0, 3429.0, 3974.0, 3886.0, 3907.0, 3928.0, 4046.0, 3683.0, 3603.0, 3931.0, 3990.0, 3636.0, 3708.0, 3407.0, 3601.0, 3520.0, 3312.0, 3467.0, 3534.0, 3433.0, 3192.0, 3421.0, 2958.0, 3130.0, 3325.0, 2992.0, 3629.0, 3377.0, 1942.0, 3368.0, 2596.0, 2633.0, 3273.0, 3010.0, 3072.0, 3152.0, 3174.0, 3186.0, 3701.0, 3587.0, 3644.0, 3558.0, 3856.0, 3554.0, 3869.0, 3592.0, 3551.0, 3582.0, 3195.0, 3515.0, 3679.0, 3699.0, 3517.0, 3903.0, 3820.0, 4064.0, 3806.0, 4027.0, 3883.0, 3740.0, 3599.0, 3595.0, 3666.0, 3673.0, 3793.0, 3582.0, 4971.0, 3767.0, 3910.0, 3839.0, 3757.0, 4066.0, 3868.0, 4159.0, 3907.0, 4377.0, 3970.0, 3629.0, 3718.0, 4010.0, 3923.0, 3801.0, 3914.0, 3999.0, 4102.0, 3802.0, 4000.0, 4008.0, 3542.0, 3602.0, 3832.0, 3958.0, 3777.0, 1957.0, 4727.0, 3924.0, 3961.0, 3660.0, 3678.0, 3902.0, 4145.0, 4114.0, 4093.0, 4088.0, 3984.0, 4223.0, 4027.0, 4165.0, 4226.0, 4214.0, 4320.0, 3903.0, 4016.0, 4186.0, 4538.0, 4500.0, 4358.0, 4273.0, 4153.0, 3970.0, 4137.0, 4053.0, 4059.0, 4115.0, 3853.0, 3978.0, 3610.0, 3657.0, 4192.0, 3753.0, 3647.0, 3515.0, 3920.0, 3820.0, 4053.0, 4046.0, 4189.0, 4104.0, 3714.0, 3791.0, 3801.0, 3374.0, 3869.0, 2403.0, 4045.0, 4014.0, 3938.0, 3775.0, 4096.0, 3865.0, 4045.0, 4059.0, 4493.0, 4240.0, 3896.0, 3912.0, 3819.0, 4215.0, 3812.0, 4012.0, 4371.0, 4355.0, 4422.0, 4302.0, 4397.0, 3677.0, 4266.0, 4329.0, 4469.0, 4300.0, 4187.0, 4163.0, 4309.0, 4471.0, 4012.0, 4407.0, 4614.0, 4331.0, 4311.0, 4409.0, 4331.0, 4418.0, 4344.0, 4384.0, 4642.0, 4148.0, 4291.0, 4482.0, 4718.0, 4343.0, 4604.0, 4408.0, 4514.0, 4592.0, 4309.0, 4664.0, 4424.0, 4294.0, 4298.0, 4503.0, 4292.0, 4278.0, 4100.0, 4236.0, 4215.0, 4228.0, 4300.0, 4213.0, 4923.0, 4555.0, 5992.0, 4052.0, 3971.0, 4282.0, 4228.0, 4308.0, 4113.0, 4235.0, 4478.0, 4437.0, 4312.0, 4252.0, 4201.0, 4423.0, 4544.0, 4168.0, 4393.0, 4702.0, 4408.0, 4315.0, 4513.0, 4261.0, 4455.0, 4146.0, 4163.0, 4155.0, 4299.0, 4138.0, 4050.0, 4301.0, 3907.0, 4170.0, 4319.0, 4641.0, 3667.0, 3849.0, 3985.0, 4373.0, 4508.0, 4368.0, 4388.0, 3925.0, 3979.0, 3837.0, 3723.0, 3986.0, 3676.0, 3706.0, 3896.0, 3994.0, 4123.0, 4280.0, 1768.0, 5105.0, 2849.0, 4360.0, 3830.0, 4734.0, 3880.0, 3200.0, 4133.0, 4199.0, 4225.0, 4101.0, 4222.0, 4284.0, 4524.0, 4181.0, 4314.0, 4106.0, 4324.0, 4002.0, 4390.0, 4413.0, 4466.0, 4247.0, 4332.0, 4562.0, 4304.0, 4403.0, 4596.0, 4335.0, 4982.0, 4510.0, 4667.0, 4754.0, 4940.0, 4908.0, 5009.0, 4664.0, 4688.0, 4546.0, 4927.0, 6645.0, 922.0, 971.0, 3181.0, 3267.0, 3315.0, 3337.0, 3567.0, 3446.0, 3258.0, 3435.0, 3422.0, 3513.0, 3252.0, 3379.0, 3422.0, 3379.0, 3414.0, 3600.0, 3528.0, 3754.0, 3454.0, 3564.0, 3712.0, 3953.0, 3654.0, 3909.0, 3740.0]
---
